769
586
2665
1162
2433
353
3009
1421
2454
2325
2127
2759
1944
618
851
1217
1468
1332
2171
787
599
1906
1549
1178
1717
701
2903
771
2371
2215
45
474
2339
2451
2774
1423
123
3054
1797
2843
2144
2187
1915
777
617
2100
1980
185
131
26
2912
268
2618
1969
1770
870
366
314
496
2674
2523
1249
1343
35
2871
2910
908
1410
2249
2917
1452
235
2463
419
2549
2150
1581
1347
1447
1141
589
822
1920
732
210
1484
1033
2510
2620
301
3097
2587
2807
109
421
2164
2442
2813
2467
1925
245
351
3174
1663
2879
3134
1199
174
2507
1288
2211
1147
567
1954
529
3003
720
317
2773
2269
2697
299
957
2098
1900
573
1566
394
2306
2615
2517
1399
2849
2319
940
1787
1335
2594
2218
2421
576
2329
1541
992
2827
2663
2391
1992
25
900
2853
2613
236
1606
2686
2254
231
2266
3104
3126
1552
959
263
1300
2502
3059
2580
207
598
211
1289
1616
2336
68
331
1003
1245
2530
480
2470
2387
3125
718
1544
158
2860
961
2449
155
2019
1999
2178
1257
1072
2166
89
1719
3091
894
2902
625
611
3151
2389
1783
2408
595
2685
937
2104
2830
2314
99
2777
1494
2082
74
755
2715
938
97
2711
1712
1637
1193
2701
1694
1826
486
2796
3112
2664
525
2241
2516
2904
1758
748
2758
255
1012
1965
3163
1497
1532
1373
1530
3068
2142
1782
361
3034
204
1785
2008
2583
2633
2277
3020
793
2919
2301
3164
648
574
999
346
3154
2471
197
166
579
2328
2411
341
1715
298
1568
1602
1892
2636
1636
827
863
271
1809
1664
168
69
706
2785
2598
42
613
638
1435
1208
1756
1145
1605
2839
918
1184
2768
1191
843
3078
1444
3110
102
2675
1810
2274
1569
3046
65
277
551
615
667
1950
164
2592
890
1742
1688
303
2331
1281
1431
2920
2794
841
2291
2573
580
1932
1291
12
1886
389
2765
402
3171
2253
1340
2167
1017
2089
247
3074
393
1369
1455
721
2880
1649
1265
2403
2475
2791
322
1523
798
2049
1905
2733
1894
276
2734
1818
18
1225
1364
1972
2501
1302
2726
3002
3136
658
70
2610
3032
2488
3050
283
1611
2973
151
792
46
941
2386
2288
1032
1897
1169
291
3178
847
1976
1441
354
3022
770
1128
305
475
653
1271
2640
325
816
2118
1985
1884
1005
1684
542
2783
1620
1973
901
1599
581
1901
2762
886
1408
3
3029
893
1171
2414
1750
1531
1100
2558
2016
2608
2986
2014
189
1216
2781
1559
1866
2676
1121
2341
1961
1516
327
2006
1958
2812
1366
2735
1919
1160
2789
308
2545
708
275
1391
828
1849
1233
398
3075
3173
790
2482
1946
1861
2379
256
1327
1956
2848
456
1817
682
2809
1990
925
2444
2157
561
2369
866
1275
1772
2489
854
570
2961
2537
2192
219
31
2648
654
1709
1959
716
1527
1560
2398
1198
2872
2461
2856
1018
1778
749
1644
2901
1167
3121
934
1556
1998
594
2755
208
2632
3160
1011
2101
267
2667
2359
739
2642
2688
254
1396
1902
2334
37
124
679
511
1155
84
86
1267
1069
2084
2097
1434
752
2394
3024
727
2562
1743
871
459
2345
1278
1851
2702
2599
3131
2405
1061
985
1499
17
90
1766
1450
1025
1590
504
2431
664
1019
1877
629
188
1710
1806
1551
2538
3064
2851
2738
1133
737
5
2287
265
1823
1114
2844
433
2000
273
1312
650
2469
1103
965
2650
1338
3093
2965
2588
1888
358
877
882
1480
1913
3143
509
766
1059
3167
2882
167
2297
2671
600
1387
681
2153
2464
1083
1098
867
53
1367
1068
1589
1163
2061
2953
1683
1420
791
1673
3019
1899
400
1942
2923
1008
783
507
2524
1791
1237
1386
1883
2560
464
176
2591
154
695
2833
3040
2810
369
1571
1659
2066
1570
3120
1105
728
1622
736
1469
3145
71
2483
1863
734
2409
905
1974
889
926
891
1481
1355
2814
1676
2757
2952
1088
2739
1044
294
313
973
1024
1628
412
3037
1478
237
1786
1139
2970
336
668
2509
2539
1137
690
2563
2699
2078
2764
405
181
1168
1277
134
230
990
2553
2466
1349
2962
726
2047
801
1724
585
2493
2712
3106
2322
2990
417
2605
2023
1082
784
1050
75
2180
1256
1563
489
3079
2273
2080
2095
2058
34
1528
2207
1495
2793
2647
3060
757
874
3165
773
722
328
1874
1154
1254
738
2380
2357
2937
1854
1224
33
2670
2841
698
1752
2695
610
1837
2128
2597
2571
2993
2899
2863
2200
1639
3036
262
16
438
1126
251
2228
2172
77
2013
948
1845
2877
1293
1448
972
2255
1215
1792
120
3025
383
2247
1739
1457
541
806
2784
1701
2900
1931
506
1324
2155
437
505
1511
1736
1753
652
1035
2170
2944
2821
587
2668
2223
1808
1674
260
2168
1951
24
802
4
772
2222
636
114
435
1393
781
559
2374
280
572
823
2955
2415
1127
986
1626
1910
1814
252
1885
2666
838
1918
192
1681
2240
1816
2275
3026
1769
1584
401
1415
43
1966
2083
2500
835
1621
1978
1947
2005
113
2857
243
199
1348
198
2815
2158
2858
799
2736
1407
2889
846
2967
3170
2887
147
1176
865
1272
633
1427
1579
518
2740
2840
2634
2174
533
115
156
88
239
2216
1174
3122
987
217
2915
306
982
963
1759
50
1356
616
2181
1279
127
1761
935
1926
422
1829
662
1051
289
2070
1526
731
691
2941
1470
2723
2873
2703
2123
66
881
560
2465
2720
2091
1322
1671
241
19
14
1092
1629
1815
1848
1952
675
2684
2881
144
1247
2619
786
194
520
1895
687
2395
2494
1187
2317
1365
2165
1872
2533
1607
338
1929
1405
1079
1413
2763
2427
365
3021
2418
800
1412
2376
2601
1955
1004
1746
2689
1046
861
775
2518
1893
1843
2010
1977
2073
2575
764
1031
1388
2412
2140
2532
1232
1073
873
1539
2989
1820
578
1561
1159
187
1094
177
743
2866
2447
279
540
3129
1500
1726
136
2313
2392
1935
1283
2259
2244
1557
2772
2704
1989
2956
490
1718
3048
794
723
2991
1361
2659
169
423
2346
2147
2045
2975
2111
1567
3152
6
1933
2486
48
1907
1572
1462
2800
544
2694
1175
1179
2333
1142
1368
1054
2361
1463
2445
971
857
1055
2826
2940
396
483
1363
2382
740
1290
165
660
3158
557
1993
2713
385
1394
1991
1020
58
1633
1793
410
3005
2193
2770
2242
1071
2279
2710
390
1156
2570
82
989
852
1733
443
621
1330
1318
13
2496
2224
765
1229
1788
2088
2235
2513
319
446
1994
2602
3124
1558
627
2435
2741
641
1697
626
2998
479
2161
2528
2985
126
2960
2055
3076
1416
2551
104
1967
669
1592
2103
146
266
502
2321
2896
1313
1498
885
3071
1023
545
55
386
2693
2125
2360
40
1832
1219
1065
1143
2251
1337
635
514
1354
3010
1802
1240
684
1522
809
1262
2352
1775
1938
549
1714
2754
225
1006
704
1057
979
20
2260
2627
872
569
1101
1678
0
2399
1800
1465
2508
3030
484
2012
1941
111
2478
125
2808
2852
2056
651
130
1821
1988
1352
472
975
1404
1689
3157
2569
2011
1784
2743
911
1212
1652
1708
173
3179
1077
1489
371
3014
128
2039
1116
1315
3049
2085
1833
1596
1047
2338
3073
954
1110
776
2456
110
735
2584
326
2820
1292
725
1204
1374
2714
536
907
709
1645
2709
448
278
2669
958
348
2992
2612
2453
1095
105
3177
2344
285
2658
1375
1813
1768
1640
1189
742
659
1857
30
1235
2077
1807
1839
1565
2303
2787
855
2239
2870
1679
1064
1796
753
2521
428
1517
2719
22
178
1609
1136
463
666
59
513
221
2422
2485
767
562
2828
1984
2258
2138
373
2646
1107
307
2004
1140
2661
1838
1250
2237
3180
76
182
2547
530
2122
1049
2159
3139
135
293
2353
3077
309
583
883
1801
2160
2079
944
1418
2075
1220
2484
2546
1575
3057
1672
2267
2823
1263
2054
1009
2213
415
1414
1426
596
368
2850
226
495
2835
710
2094
1
424
2721
1687
1309
1472
603
547
2035
2654
2531
1438
2935
3012
1870
41
1000
1034
1535
1200
2477
2614
320
414
2865
2472
311
942
2572
970
2203
1867
1889
2497
3127
1117
332
355
73
2535
304
1798
588
1379
1534
2032
785
1331
1401
2996
2522
2690
3116
229
2042
1351
2927
1241
3008
1757
955
2300
2630
756
1475
2272
1880
2890
2753
391
477
1934
363
2540
2377
3156
1634
2932
2419
1467
875
1437
2152
1362
2651
374
1508
92
1507
2416
1486
1812
2227
450
548
539
246
2390
1106
32
3150
803
903
370
1975
1904
2162
1392
1085
2924
1751
2854
377
1858
1513
2154
2076
3133
27
1108
916
1794
2971
2938
2312
676
696
3175
1058
1022
2662
2626
2343
2131
3066
119
1789
290
717
1496
1583
1601
3098
2310
334
1148
2296
2552
2564
1078
51
1882
1945
555
1777
1419
2628
2311
1662
1924
2221
2906
1876
1518
1406
2096
931
2184
1960
2731
1831
1182
39
1344
482
2126
860
3102
1087
1063
2988
2025
1183
2446
2309
3015
1878
2816
703
2113
2473
2680
2198
1474
943
3108
811
1716
3000
1230
1432
2372
1943
2945
2302
2124
2368
2050
2621
2136
1491
2009
2116
1384
844
1336
2015
978
2897
760
1713
2803
538
2752
884
2007
1479
3095
1026
2093
384
2797
842
1120
2565
350
3016
2037
2282
1875
2786
3062
1234
1231
2201
1296
103
825
2678
3111
593
1540
1002
1326
297
95
1881
715
3146
2526
1192
1113
1995
3035
2984
2018
897
2556
3085
2997
1482
3119
2867
622
1748
2364
2831
1255
2981
2137
1747
1172
2289
2139
1382
1270
143
3072
2233
117
161
3114
471
257
699
2420
623
1304
60
3007
1591
2404
3094
1251
620
2958
2263
1953
2219
3089
2176
3141
782
1577
28
1424
1252
967
1538
238
2609
413
3169
91
553
1618
1588
2327
1548
2324
3065
2149
2175
1506
1598
2057
1962
1702
761
919
2792
993
23
554
1299
1641
1350
3148
2278
1131
1731
2708
2238
2356
606
2861
1483
2156
833
416
1371
1661
2
950
1196
460
1502
2048
1822
808
3147
3041
2212
1244
1685
1668
440
928
2169
1430
2087
333
407
1741
3056
2893
1734
1610
3090
932
1052
2225
2293
3018
1266
2679
1188
1164
2834
953
1695
2002
2921
694
397
2358
2977
2746
81
1627
2696
2606
2229
2579
824
2030
1109
655
3176
1395
2481
2868
2347
2041
1372
558
1298
700
2638
612
157
1585
1930
1165
494
914
2799
3103
2425
160
1524
2801
106
2250
1314
1038
2749
962
643
1927
879
956
1595
602
2183
631
2884
677
1554
2373
672
3166
2934
747
2460
671
2407
1201
1841
1325
122
2396
2687
2479
2146
2081
2204
639
964
2388
2114
2622
818
244
2644
1264
2026
758
815
797
312
981
2252
2950
67
619
2894
1214
270
1749
1574
628
820
3038
575
1908
2577
1360
906
1735
2936
1014
179
1604
1986
1693
1847
1968
1013
2578
1887
1617
2492
2257
1619
203
2243
487
2024
498
2512
94
1623
1732
1090
2190
1576
2298
2806
439
162
892
220
2504
98
2567
2135
1957
1400
2837
1286
1573
1979
2829
1996
1381
656
920
2375
2555
1981
2631
688
1615
1443
1533
1655
1706
2822
1754
2639
3084
1334
1949
2134
395
1593
1543
1660
2001
3039
1963
1997
673
491
1982
2069
1259
2051
196
640
3023
2724
347
1780
1521
1720
2982
864
2520
3159
1763
436
1075
2332
129
2086
2698
2918
1631
1060
1948
960
2946
2931
261
1119
2557
512
2930
2769
493
1433
850
2105
2304
2318
646
995
1603
1916
692
1053
1625
2673
1118
1859
1824
2264
2652
2295
2468
1707
2106
195
1458
78
3067
608
2529
2883
2141
2782
1825
2487
1722
2210
1030
2875
2756
3142
1869
1308
499
409
1097
427
2589
1819
163
2450
2895
2511
205
223
372
96
1477
1703
2716
2660
1223
1205
537
2819
2305
2707
510
2624
485
2199
1066
3061
2362
1243
200
1737
848
2434
1520
1138
2308
21
685
2397
2683
216
778
1226
966
2943
330
1692
180
2745
1015
118
481
3135
663
637
116
678
1643
467
2964
1597
2542
2983
1445
364
2818
357
310
2574
1129
1642
1180
1067
1378
1519
7
2284
269
807
878
1096
1170
2645
2090
915
2846
3168
1868
3051
1246
1197
744
1081
977
141
61
248
201
2052
1771
1728
1550
2499
2582
1827
2586
2038
711
1146
2969
2929
2323
1485
1464
2443
686
1624
133
2027
917
2655
2261
2370
516
2188
2474
2498
1104
2276
1682
780
1670
2202
522
2417
795
1704
222
132
796
2506
3153
1043
429
2430
3137
2515
2732
1512
1453
515
693
2771
649
2283
63
817
1488
2340
1150
2179
1213
2623
1740
434
1451
2236
1342
524
1699
2366
452
2480
1666
1454
1738
1909
2315
202
420
3092
1397
2635
445
1086
661
3144
1871
2355
921
768
526
997
2554
1177
3028
1157
697
984
2022
2728
1700
707
2410
1236
980
519
896
2378
1562
44
457
1922
713
2151
2911
388
214
1422
1411
1765
826
2541
930
2760
1021
1186
714
2262
1425
1795
1879
983
1594
2017
1744
1971
1762
858
2629
2230
880
1553
910
1476
2742
2804
705
779
2033
1529
1207
54
832
2604
994
286
1093
2342
1578
1321
819
2725
1855
2071
2514
568
1646
1132
2112
2428
2995
264
1345
1311
2811
2926
3045
2208
362
2980
1776
2576
3043
1836
751
1537
2234
1767
2832
2438
8
2682
451
2525
1341
206
2864
1295
36
2441
2285
473
812
630
476
3117
2107
2761
2028
991
2653
9
1515
62
175
998
2838
1359
2747
1937
1492
3070
184
153
1380
93
951
1370
2448
1656
814
1181
523
392
571
1027
1195
150
674
324
1029
1830
1936
1514
2462
108
1442
2270
3107
859
1260
3162
2596
642
2196
1273
2044
3011
1853
2099
853
213
1721
566
1677
856
1089
1007
1112
1303
1099
2886
933
1725
2744
432
2568
284
2677
508
607
976
2722
1850
403
224
259
2003
152
2265
1917
2307
250
1727
3082
2406
1417
2043
2400
2595
1209
2656
3017
2999
2401
689
680
1305
1039
3100
159
839
2922
3115
2402
2197
1790
469
1764
455
2842
232
2067
1614
2232
2191
101
1547
47
3047
1161
2115
107
52
1130
1504
215
3123
1323
1403
2705
3013
1723
565
1987
845
2351
352
340
2231
2954
2968
1779
1803
789
2059
379
2607
140
1280
1501
3033
2294
2779
1048
444
2590
376
2185
2349
2046
2245
712
647
64
2974
1647
1242
1730
3006
190
543
1493
1268
521
862
869
2214
1983
876
1222
356
2548
2034
234
1134
2978
2413
209
2691
1691
29
2205
2148
258
3083
1376
2133
2939
2767
1297
1383
1612
2561
142
2891
1151
1705
272
288
1860
2649
939
904
3172
531
2145
2429
2700
1781
1865
550
1028
1084
1440
253
1122
2320
2436
546
2908
1353
1912
1284
634
1657
2790
441
1045
2949
240
170
1487
1873
2928
3080
535
367
2566
2947
2256
2625
501
2316
1339
1490
1206
729
1173
969
3149
1390
1248
465
1037
821
2994
2550
2246
2593
2423
1459
183
2248
1282
2805
2802
1650
762
974
1587
2194
1891
1564
3113
171
2109
2064
79
601
1310
2795
1545
3099
1328
2836
702
2748
375
2393
2271
644
1317
754
1135
1149
1070
834
2909
1840
2119
902
3155
2959
996
1115
72
2672
1238
605
470
947
2534
584
1648
1582
1274
1555
321
2845
552
1402
1320
945
1667
1125
1227
1580
527
2490
2951
359
497
2455
1185
1074
1698
2381
2173
349
1190
1600
2898
139
1846
924
1389
454
339
2892
418
840
1921
1542
1461
426
2681
1864
3096
387
923
1896
2440
2933
2775
503
609
898
1799
83
830
946
2129
2798
2976
2102
1040
683
2290
3044
888
3055
3063
2281
1346
1774
442
1613
2365
2825
2907
3052
1153
57
1123
2452
1844
563
2108
2948
3118
1760
1301
534
315
597
2132
466
1729
228
2189
1211
1428
2942
2186
1042
2268
3140
302
2217
1449
1665
1221
745
2585
952
3004
746
849
1409
2987
3109
323
360
2036
233
2040
2385
2717
913
2750
1258
927
2657
1016
3027
1471
3042
2916
378
750
242
1377
449
2348
1385
2495
1805
2120
2065
2354
2778
2847
2060
3101
1509
1269
604
813
193
909
2226
1329
3086
2457
1651
564
1446
1653
2177
1505
56
316
1546
2905
1041
2788
1076
121
2536
2068
988
2182
411
345
2074
1923
212
1062
1306
2209
2195
2072
2384
2527
249
2063
2729
292
577
337
2600
1333
85
1635
318
1669
2963
1804
2737
1285
2776
741
2817
3069
3130
1638
733
381
2326
2643
1911
1287
1210
404
137
2383
2616
899
1398
1658
1675
1294
80
591
1856
1940
1091
1203
2727
2459
1239
624
1036
2617
1680
2029
1218
1510
344
657
431
1316
406
227
87
1253
1080
2337
1939
1811
2020
399
2350
2330
895
1439
1586
2110
774
