849
1423
2559
2459
2203
753
1986
2603
2373
3222
236
2981
106
1862
1031
545
579
2396
1275
603
3520
2175
1098
1968
297
334
2975
1151
968
1775
2097
1621
2599
2578
2889
2627
391
2591
2977
325
358
2454
1374
2369
386
3465
145
2612
3065
3401
2243
1617
580
1296
1912
1057
3614
2569
572
3272
508
1380
2066
1259
3486
465
2447
1312
3553
852
3444
3598
588
374
2547
1542
3357
3603
1466
3504
1960
1662
942
2953
3046
3088
1221
733
283
6
169
2229
3499
1155
3269
3231
2964
3500
2795
1282
2549
42
2442
2734
193
1649
3011
1331
735
1044
2324
1587
2576
3360
413
3396
2344
2132
3160
2703
2477
860
1087
2978
3280
1063
2932
222
1248
2897
3384
3442
1878
3615
802
3487
3412
513
628
2967
2155
1556
1045
910
3550
3082
2346
2015
1301
2764
1883
185
811
2933
1751
2974
266
1770
1692
904
1059
665
1212
39
2646
2397
2873
141
3336
3229
3407
1729
2462
1268
2377
2748
2685
3548
2909
552
3663
929
1829
3305
908
3238
137
284
2240
1135
70
647
1887
2316
3265
749
3510
978
3043
3031
286
994
1077
2766
2895
1606
943
3639
262
944
3270
1108
32
1851
2003
213
1889
1846
401
3016
1187
3521
3456
2583
1929
359
675
2513
1010
3094
2847
816
2052
654
3589
890
1921
1074
1270
1365
599
3656
2834
3138
721
97
2014
1472
2960
3115
2326
863
1239
2730
2983
2238
3328
1129
3200
3203
2991
3515
1951
2606
3472
2670
2899
330
1533
794
716
1517
2319
3621
680
1256
3543
1658
1505
1596
3522
3332
532
321
883
1890
1371
1054
1626
3476
1055
3110
3089
1972
3086
3076
1487
3181
2370
1989
2672
3172
930
122
1538
2839
64
548
2345
2601
1132
3470
1712
2798
2943
388
361
2205
2275
33
3345
202
3315
2038
1407
2339
3561
2520
3468
1102
103
1839
2668
1680
159
920
1641
2497
2913
2662
3066
461
2163
2962
2915
1495
1896
2456
1483
1747
2332
2877
627
2534
1681
1622
2150
3155
2458
3103
3242
2407
2825
2093
2285
1672
3185
3266
1413
2130
1095
1123
1970
419
3317
3517
3091
1668
1494
1788
3492
3226
2216
2731
2813
2201
2026
3664
2257
734
1005
1655
441
843
3501
1088
3196
2234
1382
1003
232
2648
2186
651
2338
2723
2757
3588
1713
2443
1189
3399
1471
2490
1976
1805
2145
63
387
653
1742
1688
2489
2512
2259
2806
2099
2146
1499
1392
438
1524
1458
3080
448
115
1952
2340
691
2472
3260
1285
2881
3675
91
3415
2527
453
1492
1643
2347
3131
2496
2828
1018
2488
2170
817
5
785
2973
3662
2121
1427
1822
1548
2460
1579
1006
1064
3619
430
2695
3672
3300
2554
1396
1850
288
1191
3627
1026
135
3064
2972
3381
2966
1849
1602
2756
311
1867
972
1954
2140
302
2854
1897
1326
296
3207
3616
3059
1454
216
198
1145
498
1231
641
620
3617
833
2823
1877
3072
2147
230
2714
3355
1799
1274
2219
279
1842
2594
3370
1727
1646
877
1704
525
1091
2333
3033
729
717
1286
3353
2389
2441
1053
3246
3502
660
290
1171
1238
957
3365
689
3179
246
3009
864
2888
2994
832
2945
3198
718
702
497
2624
1321
2871
1956
2289
251
3167
1311
1235
1163
1160
3073
3352
151
270
2908
987
2049
2429
1330
1910
3525
1525
1674
2073
2166
2110
2566
2498
1165
398
837
1208
2829
1332
3433
1480
2237
551
539
2475
3547
2430
1283
610
1361
3586
2581
3474
2618
2906
348
2884
2869
428
1583
2290
3608
850
2767
1236
2392
259
390
1726
1042
249
2160
3192
1117
3146
2419
3657
1988
62
2181
3564
150
1845
451
2302
506
53
1404
1121
1101
673
923
1021
1233
2671
3647
518
710
2298
2629
695
3592
2661
3582
3577
424
3378
2202
1177
1205
3079
927
1147
1136
1381
3135
1843
1278
2663
1184
1844
1116
1475
2076
806
1955
2643
1562
446
1663
1173
2604
1717
1985
3462
2722
2987
40
2051
142
1936
196
1603
3205
3481
493
2086
582
2548
511
1242
1773
3097
3113
3475
3628
1761
1154
2537
258
3584
22
1341
2244
234
2556
856
541
1
3237
504
2822
746
1111
2775
1983
124
2931
1467
1810
2065
371
543
2558
1078
47
3301
3391
2437
3436
2172
2364
88
175
3419
830
253
3640
1978
683
3174
2263
2560
2959
741
368
889
3134
2827
3068
517
2849
2363
619
2
2997
2892
2245
3549
309
3197
1689
1789
1072
876
456
2422
2224
827
2101
3218
970
2696
2708
1631
748
761
791
3132
2122
3311
194
2517
2120
1588
2393
1590
1895
1139
578
2308
1254
3283
2957
2274
1750
2152
1385
1251
1266
2072
2655
2304
1530
1351
2247
606
2088
851
3347
2386
867
1262
26
2187
3665
1957
2428
214
1913
1092
2395
3574
1831
1424
765
814
341
3527
1826
1434
2702
3232
1876
475
670
1566
3133
406
1476
950
981
699
2040
3346
162
154
571
1947
2266
2353
3156
2777
1673
2089
3330
19
2589
3423
544
445
10
3248
3482
2151
1977
2480
131
1202
3236
1814
1222
3139
2903
1636
2901
1694
2956
1513
726
351
568
1697
779
3137
1915
2500
1599
916
1652
636
256
3327
2842
1848
931
3623
1068
866
1243
3652
3077
1595
501
208
645
612
2420
3641
2314
3512
2297
1578
2929
512
786
2850
2123
57
72
0
482
1180
467
3600
2190
3100
964
700
1997
2771
357
1527
1928
11
2706
684
1414
146
2041
2930
1150
1502
235
1186
945
2495
3644
3175
2100
395
3624
3369
3551
2351
574
3012
1807
738
1099
1408
2516
988
3405
3609
3111
265
1892
2625
799
2525
509
1386
1481
928
2371
287
613
433
2125
1732
3004
2536
3116
229
2074
845
2300
3613
1169
1891
2119
1284
2009
247
254
2161
1817
3566
1707
3618
788
2322
2826
3358
1610
3563
1629
1249
2507
1421
878
50
2165
2883
489
538
3081
3537
444
3636
1214
2721
1192
67
502
1022
1226
3383
1040
1448
611
3364
3191
3023
894
773
646
745
2445
2494
592
2724
1445
1167
659
3259
1852
174
1001
3047
3202
181
1898
1854
176
1265
2178
1708
1405
644
3454
1660
3084
1541
1769
2418
2862
3119
1322
2572
3666
2283
2788
1940
2568
3503
2061
2736
1496
2135
1963
1383
2337
1691
1402
720
663
2068
484
1783
2679
105
1539
2410
3658
1193
652
100
801
2848
2303
2191
1287
1252
339
1950
3213
2029
696
565
1264
865
1918
1320
3128
338
1349
2138
1106
3458
277
2557
2996
2667
252
3258
24
682
1722
2323
3099
3671
3290
2817
3161
1172
2508
774
2600
809
1767
1648
1348
1796
315
705
2011
2352
2417
781
1443
1355
1362
1907
2713
1269
2031
1620
111
3518
1901
2793
1403
2366
2911
486
73
2719
2947
1953
1305
1046
1179
2845
3282
1990
2799
2331
984
995
998
1637
2451
1884
378
9
385
3158
166
1630
2020
1358
1375
2658
2659
1979
861
2109
562
2773
3114
163
834
2582
1882
884
2438
1065
1550
3661
1853
1166
3170
3039
3106
2846
3424
2293
2254
3127
60
367
2415
1019
1855
2503
1389
666
1013
1164
2763
1359
882
464
48
280
2277
375
747
1020
496
313
2469
2794
2797
1070
1860
427
1659
1675
2446
2942
2787
1757
886
440
3435
2005
2197
1420
460
840
790
3302
1141
2075
1491
3303
1914
1881
408
3394
282
3544
1126
688
1079
376
1859
3635
3571
2111
1869
520
1071
3180
1411
2311
3629
360
2162
1965
2054
1263
3159
1570
1873
2291
2864
2573
2399
1209
187
609
703
2070
3340
919
3441
3112
383
2493
668
587
667
1134
3453
3437
3325
983
2499
1293
966
770
2195
2859
1753
1429
3273
1902
322
2565
3363
1683
2521
3224
197
1178
3373
1678
2900
2762
2858
2048
1927
1999
2632
1023
3633
3531
938
1961
3044
1734
2711
1482
1934
3459
2587
2949
2592
1128
2188
1589
1879
662
727
3074
1645
3417
3523
3253
2236
1122
570
1872
1790
1143
2063
1821
1728
1153
370
3546
143
2098
1931
171
3483
1544
203
2642
130
3554
1618
874
2564
625
1253
2540
1967
526
3428
3479
2809
209
3208
1644
1782
3143
2742
1203
1294
990
2394
1516
480
2010
110
1158
3533
3244
828
1002
2644
66
895
34
701
3289
560
1113
1510
2878
310
85
2904
210
1364
1104
2016
1146
2001
3432
2184
1639
2270
205
3117
822
1272
657
1698
3578
3343
324
3123
20
2476
575
1577
207
1474
1399
872
1300
1462
1924
3173
2282
3471
1635
1917
1347
2677
800
3557
2781
1302
1086
2928
1507
3291
2666
1240
101
477
767
2183
2927
3490
671
1219
3597
301
3516
474
679
1067
492
2752
3359
678
3560
1257
273
1000
685
3667
3366
1444
107
1207
3010
740
1058
3389
2271
1047
985
2783
2000
3324
233
900
618
1417
295
1281
491
2320
1008
2541
307
858
567
2555
1737
1535
1004
1932
1449
2466
1197
2095
2487
3630
2406
426
3576
2635
2148
244
242
2815
2885
2355
1310
3152
3214
1682
3007
922
1337
206
2590
2921
3212
485
1721
1762
1572
2154
220
3632
1686
134
2992
1060
173
2045
2914
835
2021
2652
674
1687
2750
3660
515
3148
1479
1050
1519
3227
1027
3604
1271
2965
16
1459
2354
514
2709
2688
607
3376
1130
804
2261
3285
1765
1210
1671
826
1215
3538
2982
1220
2251
3626
1430
715
1152
1338
114
2934
2818
2588
2022
836
3136
1080
1695
2579
3223
3107
1196
3022
1183
2046
576
1792
1076
3241
1416
676
3157
1125
1984
2057
853
3511
3061
913
2064
3524
2388
212
2807
2836
893
777
488
924
2464
3178
3075
393
2636
2341
3480
2844
61
2002
898
2169
1388
333
2924
1328
1611
157
255
1329
3147
3267
3140
1703
168
2167
960
1607
1426
3120
1880
3402
1899
1048
2246
1400
2424
2782
2835
1049
3438
1206
2838
1470
1724
751
823
3056
90
3450
2471
1228
2013
656
2468
516
1485
1199
2309
369
352
3249
2327
805
275
1455
2611
821
3030
3190
2209
1585
1802
468
2613
1225
1016
1690
3108
2545
2092
1190
1657
2563
1966
844
1360
2529
434
466
299
3326
3587
2058
2305
2598
1073
521
3032
2143
331
1460
3460
2665
937
2007
1393
3323
887
3342
725
1514
3
2863
1723
1720
3605
2485
2785
2940
2852
400
2409
2315
1469
153
248
1303
1137
638
127
1996
2619
1007
3494
1379
120
3057
41
584
2751
1319
2250
2431
3164
1156
523
2747
1933
2425
1255
3013
2532
719
3349
1229
2467
996
3427
129
2427
510
915
648
902
3286
257
780
2969
108
1318
2200
2717
1574
2400
102
1759
3385
1760
557
2413
1540
2404
298
1051
2131
2657
3556
3514
2124
2231
1015
3225
2753
3215
221
285
1706
1370
2607
2920
888
3668
527
71
2213
3572
2448
2551
1591
2608
1974
3642
635
46
672
529
655
692
500
2083
49
1435
649
1373
68
1861
3121
3625
2898
319
522
3014
2492
1772
3240
1230
1366
429
381
473
119
1995
803
807
1803
3096
320
3464
411
3020
3313
1830
2676
2770
2310
3536
595
2905
1656
2952
1367
3497
914
2896
373
3631
3439
2479
881
481
669
495
1858
366
546
314
769
225
2278
1969
2737
2334
483
1699
3552
3177
95
1038
1161
1926
2800
117
2743
2727
2990
870
771
3379
1624
1868
2398
3150
3528
155
3505
961
631
3473
138
2729
4
1353
573
59
661
471
974
1500
1735
3256
3003
3449
550
3070
2938
340
1797
2102
402
3154
2894
2801
245
3277
1317
3477
1484
1597
3455
3416
1069
1654
2733
337
963
2746
2382
1081
323
2318
3674
392
1452
2726
1554
2954
1119
3466
238
3467
3029
2789
1619
948
797
3519
1030
2918
2586
1563
2985
2267
2035
869
999
2336
724
3024
201
1763
1334
186
1758
3570
1506
414
2939
1314
1925
3542
226
2362
3575
2078
1613
2218
347
384
2754
1827
2127
3413
28
2204
2405
1418
598
3599
342
2264
3008
399
2071
604
3299
2307
1534
329
1608
1774
2761
2104
478
3398
3651
1781
711
2802
3015
1280
362
2631
737
1368
2312
218
764
3648
1157
3309
2523
156
436
2463
1545
3673
1573
1170
268
2079
2769
1580
195
240
1457
2561
344
1084
116
2593
2623
1185
3422
2402
553
1812
1949
1244
1461
687
3306
180
148
1998
1096
312
949
563
1994
2281
3478
382
1503
412
2865
27
1112
1201
3565
3607
394
2455
2276
2804
1316
1581
1558
1935
594
3676
848
1159
3374
2796
1498
2159
2821
528
1716
2470
2008
1441
1771
2741
1149
1342
3098
2694
217
2872
982
708
829
754
306
2232
3414
3109
2553
2367
199
623
1911
1908
2690
3310
875
3187
2126
336
2357
3002
2639
269
149
3125
1369
178
2273
1982
136
289
1453
1752
416
2986
3532
2272
697
3440
1702
3204
3610
2385
3493
2739
812
2887
23
3169
1874
951
1696
3654
1052
2411
1306
2693
397
463
3469
977
2226
3535
2995
25
1041
757
2381
731
2660
2984
3288
1684
2164
2153
405
847
1501
1131
2486
1297
2856
1571
577
2157
1614
1650
3612
1082
2705
204
2256
303
3495
1813
3195
1124
1218
2230
3220
1705
29
2919
975
3314
1823
264
74
3559
2810
1582
2085
2925
200
3488
2139
1194
1748
1886
911
3496
542
1815
2738
1560
2814
1547
1324
1398
2674
1711
1037
2450
2701
713
2198
1755
3276
2050
712
2976
121
1793
979
2220
714
457
2546
892
304
2249
1863
3445
2630
437
3201
2241
533
2855
768
3421
1100
2515
2287
896
1669
2989
1273
2225
3250
2194
873
617
3457
1791
3292
81
3145
1391
1497
2414
2501
2720
3001
906
871
237
2113
3388
2080
3042
2879
1034
2452
1938
2292
3188
35
3019
3409
2091
1387
926
56
421
354
2970
2096
3420
3408
2180
1336
1778
2034
1905
1551
2650
2522
1428
2948
1594
1616
704
1945
1871
2365
2444
1780
2223
1335
1489
3338
2383
147
2133
752
3334
3163
3297
3638
3162
3375
1468
2935
1339
2082
723
1504
231
2765
831
1333
1795
2917
1258
2609
1661
241
3053
1980
1714
1679
1818
1245
1832
1744
1075
182
935
3102
1384
897
499
1532
3176
3251
78
1213
432
838
3354
133
2792
305
547
1794
3278
7
215
2749
2134
1638
2700
3371
1211
1109
1992
859
1217
2698
2616
459
1363
3351
1115
956
1569
1739
3062
909
1523
1290
581
2286
239
38
36
2530
1250
586
1309
2803
3602
3489
997
1632
3333
3431
281
1776
272
971
30
3279
2640
1944
2055
1512
3585
2189
1623
3060
1066
783
2820
2268
418
709
885
1012
2356
3463
1357
2998
2222
3329
2343
1801
126
1756
2999
589
3331
189
3101
1605
2837
2328
1033
2412
2012
1188
1942
739
2840
2106
1746
1292
31
778
2791
815
3041
2044
79
2478
3211
1345
1701
955
3387
364
3166
1097
327
3594
1615
365
615
2597
2294
123
1107
2774
161
879
2060
3606
2421
1586
3263
3247
3189
2350
2206
605
1372
2651
3581
939
1537
167
45
1490
84
3233
250
132
1991
472
3151
1784
1575
2725
1436
1142
1325
1406
1647
3021
980
3182
2435
1754
3356
160
3036
899
1307
1304
2841
967
3498
3573
1029
2255
3243
1828
2502
3530
3319
1397
796
1224
3643
633
2740
69
3404
1465
3239
2963
3067
530
912
165
1625
1557
973
1584
558
1531
469
1528
3670
1787
1376
3372
632
1009
3054
3429
1356
2812
3620
597
2380
98
3443
455
349
3293
3038
12
318
1522
1511
1559
3406
941
2391
3591
3322
1279
3017
2453
2707
3118
2033
2481
3216
2876
2301
2638
3219
3171
44
3025
2221
554
2857
2006
901
1394
1089
2691
18
3367
1941
1488
1768
3217
1833
622
2524
425
1035
267
3590
1609
1182
940
3183
2687
1446
549
2115
1825
2602
3448
1800
2875
534
2584
1144
1486
82
2408
808
449
2951
1835
1118
2173
2514
561
855
707
3541
1811
2449
3069
1288
1464
2372
3509
1564
2177
1431
2968
276
1346
3153
2359
1276
2851
2538
452
1555
2217
1664
2615
2745
3221
3368
1237
435
2744
260
1343
87
1864
3655
1260
776
343
820
3580
1261
932
3534
1529
3095
2621
2036
2017
2342
2384
3507
2715
2682
3513
519
2950
3234
1061
2988
2484
536
271
77
3262
3149
2144
2024
14
1515
3540
2833
410
3284
3558
991
211
3129
1612
2886
933
3382
946
2633
1549
2780
3254
442
795
1246
1749
3337
52
2926
505
170
278
2118
3126
2979
792
1216
1903
1438
490
3083
1463
2047
880
3058
2620
1377
3048
1640
1401
152
2669
3377
1604
274
3130
172
1267
2023
243
600
921
2348
3395
2210
763
75
3362
3508
415
989
962
2689
2779
787
1526
2376
789
1175
537
2732
1036
1062
3390
3447
2296
1888
1948
2019
1987
3027
2248
1809
2866
1715
2518
2980
2704
750
559
2680
993
760
1633
80
2937
2233
3484
1725
2654
1975
3295
1552
2491
396
3318
2882
3294
1971
1919
2025
2641
1959
907
3105
1227
1837
1094
1234
409
2728
1521
1745
1943
2090
2772
2755
112
422
762
1437
818
2712
2227
1390
813
2094
2819
677
903
113
1733
3653
2509
1241
1766
1162
1200
2053
1865
1315
782
810
2379
1779
3321
1719
2622
1834
842
2955
1885
857
2628
2585
2617
1565
2653
3583
1350
3037
3526
1114
3418
58
3555
784
3006
1198
1857
1840
1568
2156
1923
3071
1820
664
3350
2228
2077
1473
144
294
992
1450
825
3601
593
3050
65
1308
772
637
2105
423
224
1323
86
2916
2299
1937
1277
2824
658
2056
2329
2258
1561
2519
2317
403
363
583
1546
2252
2179
744
862
3622
1291
2542
1600
730
1056
3040
839
854
1447
3264
2776
2574
3090
3451
3593
2868
3344
3045
2474
722
328
2434
3018
2946
2116
1174
417
1841
3035
1592
3184
476
2349
2375
2506
3339
1352
2432
439
2260
2531
693
591
917
2262
686
3144
389
1993
846
1410
2710
616
51
1299
3645
316
3005
742
569
2069
2288
2214
183
3529
2313
2390
2504
443
2575
2596
1916
2758
624
706
1819
2958
3085
2577
93
1824
109
2321
1777
1127
2912
2128
454
756
2211
2028
1741
3124
188
3210
507
356
2678
2378
934
1032
775
1039
54
2610
1247
2067
2335
2107
626
1395
1666
55
3268
1442
76
350
1176
2114
2158
3194
2433
3307
1731
2843
345
1011
192
2768
2473
2697
743
1964
2401
1904
1593
2027
1804
1718
1870
37
1958
1138
3193
3397
2004
1093
1567
3051
3312
139
2182
1105
2853
3649
3168
2149
2550
2941
3361
1677
223
1043
1667
2808
3078
947
2129
2902
308
1634
379
2675
2571
494
2830
2645
3063
3506
1120
94
3274
2039
191
2081
2465
1700
1148
650
1133
2562
1866
614
1090
759
2387
1601
1981
1085
1232
3341
2907
566
953
1973
3298
1543
2656
1456
293
1509
2649
629
2936
1653
3230
1412
326
2423
1493
3257
2870
1920
3669
462
2760
3596
2306
2030
1893
2018
2361
2893
1340
1181
2242
3400
3562
92
3206
21
420
3567
1025
2059
758
3659
332
2716
3000
2084
2193
2891
2087
2784
2605
2647
1298
3142
585
535
630
3141
1798
3055
2735
458
959
3426
3049
2567
300
2108
1736
2570
2778
1740
1451
3087
1906
736
694
263
2922
602
2811
2552
1195
798
164
2461
2535
2043
104
1409
2528
1836
3650
2860
2212
2112
3386
1295
2440
643
2269
642
1576
936
1785
2505
3452
3568
3186
793
3320
1313
292
2368
377
17
1439
2360
1738
3545
634
1875
450
3287
2699
3296
3539
1110
503
2874
2718
1518
3485
3122
140
2759
2993
1024
2595
2374
976
2137
2961
3165
3026
2482
1670
1900
3637
868
766
3092
227
43
1378
1433
335
1223
2816
2544
1344
96
1017
404
3491
698
2037
1856
1651
2686
3245
728
2580
3209
1676
958
184
2543
2176
317
621
1962
3569
1808